2.0 8.0 1.0
0.0 8.0 1.0
1.0 6.0 1.0
1.0 9.0 1.0
2.0 10.0 1.0
2.0 6.0 1.0
4.0 7.0 1.0
3.0 9.0 1.0
4.0 8.0 1.0
5.0 6.0 1.0
5.0 6.0 1.0
5.0 10.0 1.0
5.0 10.0 1.0
6.0 8.0 1.0
6.0 4.0 1.0
7.0 3.0 1.0
7.0 5.0 1.0
7.0 7.0 1.0
7.0 9.0 1.0
8.0 4.0 1.0
8.0 6.0 1.0
8.0 8.0 1.0
8.0 10.0 1.0
9.0 7.0 1.0
9.0 9.0 1.0
10.0 8.0 1.0
4.0 19.0 1.0
5.0 18.0 1.0
5.0 20.0 1.0
6.0 17.0 1.0
6.0 19.0 1.0
6.0 21.0 1.0
7.0 15.0 1.0
7.0 17.0 1.0
7.0 18.0 1.0
7.0 20.0 1.0
9.0 15.0 1.0
9.0 17.0 1.0
9.0 19.0 1.0
9.0 21.0 1.0
10.0 15.0 1.0
10.0 18.0 1.0
10.0 20.0 1.0
11.0 16.0 1.0
11.0 19.0 1.0
11.0 19.0 1.0
11.0 13.0 1.0
11.0 14.0 1.0
12.0 12.0 1.0
12.0 14.0 1.0
13.0 13.0 1.0
13.0 16.0 1.0
14.0 14.0 1.0
13.0 1.0 1.0
15.0 1.0 1.0
17.0 1.0 1.0
14.0 2.0 1.0
16.0 2.0 1.0
15.0 3.0 1.0
14.0 4.0 1.0
15.0 5.0 1.0
15.0 7.0 1.0
17.0 4.0 1.0
17.0 6.0 1.0
17.0 8.0 1.0
18.0 5.0 1.0
18.0 7.0 1.0
19.0 6.0 1.0
15.0 12.0 1.0
15.0 14.0 1.0
15.0 16.0 1.0
17.0 13.0 1.0
17.0 15.0 1.0
18.0 12.0 1.0
18.0 14.0 1.0
18.0 16.0 1.0
19.0 14.0 1.0
20.0 13.0 1.0
20.0 15.0 1.0
12.0 28.0 1.0
13.0 26.0 1.0
13.0 29.0 1.0
14.0 25.0 1.0
15.0 24.0 1.0
15.0 27.0 1.0
15.0 29.0 1.0
15.0 30.0 1.0
16.0 25.0 1.0
16.0 28.0 1.0
17.0 26.0 1.0
17.0 30.0 1.0
18.0 27.0 1.0
18.0 29.0 1.0
18.0 20.0 1.0
19.0 19.0 1.0
19.0 21.0 1.0
20.0 18.0 1.0
20.0 20.0 1.0
20.0 22.0 1.0
21.0 19.0 1.0
21.0 21.0 1.0
22.0 20.0 1.0
23.0 19.0 1.0
24.0 18.0 1.0
24.0 20.0 1.0
25.0 19.0 1.0
21.0 16.0 1.0
23.0 16.0 1.0
21.0 14.0 1.0
23.0 14.0 1.0
21.0 12.0 1.0
23.0 12.0 1.0
21.0 11.0 1.0
23.0 11.0 1.0
22.0 10.0 1.0
23.0 26.0 1.0
23.0 28.0 1.0
24.0 25.0 1.0
24.0 27.0 1.0
24.0 29.0 1.0
25.0 26.0 1.0
25.0 28.0 1.0
